Depth[nm]	C[atom/cm3]
7.16933E-02	1.29757E+19
2.13571E-01	1.48798E+18
3.55448E-01	3.66220E+17
4.97325E-01	4.90804E+17
6.39203E-01	7.39972E+17
7.81080E-01	2.41636E+17
9.22957E-01	1.17052E+17
1.06483E+00	8.00000E+16
1.20671E+00	8.00000E+16
1.34859E+00	8.00000E+16
1.49047E+00	8.00000E+16
1.63234E+00	1.17052E+17
1.77422E+00	1.17052E+17
1.91610E+00	1.17052E+17
2.05798E+00	3.66220E+17
2.19985E+00	2.41636E+17
2.34173E+00	8.00000E+16
2.48361E+00	8.00000E+16
2.62549E+00	8.00000E+16
2.76736E+00	3.66220E+17
2.90924E+00	2.41636E+17
3.05112E+00	2.41636E+17
3.19299E+00	8.00000E+16
3.33487E+00	1.17052E+17
3.47675E+00	2.41636E+17
3.61863E+00	8.00000E+16
3.76050E+00	8.00000E+16
3.90238E+00	3.66220E+17
4.04426E+00	8.00000E+16
4.18614E+00	2.41636E+17
4.32801E+00	4.90804E+17
4.46989E+00	1.17052E+17
4.61177E+00	1.17052E+17
4.75365E+00	8.00000E+16
4.89552E+00	2.41636E+17
5.03740E+00	3.66220E+17
5.17928E+00	3.66220E+17
5.32116E+00	8.00000E+16
5.46303E+00	3.66220E+17
5.60491E+00	2.41636E+17
5.74679E+00	3.66220E+17
5.88866E+00	3.66220E+17
6.03054E+00	6.15388E+17
6.17242E+00	8.00000E+16
6.31430E+00	7.40472E+17
6.45617E+00	6.15388E+17
6.59805E+00	6.15388E+17
6.73993E+00	6.15388E+17
6.88181E+00	1.17052E+17
7.02368E+00	6.15888E+17
7.16556E+00	1.36339E+18
7.30744E+00	9.89140E+17
7.44931E+00	8.64556E+17
7.59119E+00	1.11422E+18
7.73307E+00	1.23881E+18
7.87495E+00	6.15388E+17
8.01682E+00	7.39972E+17
8.15870E+00	1.48748E+18
8.30058E+00	1.11422E+18
8.44246E+00	9.89140E+17
8.58433E+00	9.90141E+17
8.72621E+00	7.39972E+17
8.86809E+00	1.36289E+18
9.00997E+00	7.39972E+17
9.15184E+00	9.89140E+17
9.29372E+00	1.36339E+18
9.43560E+00	1.36339E+18
9.57748E+00	1.17052E+17
9.71935E+00	1.23831E+18
9.86123E+00	1.86173E+18
1.00031E+01	1.61206E+18
1.01450E+01	2.11090E+18
1.02869E+01	1.23831E+18
1.04287E+01	1.11422E+18
1.05706E+01	1.73714E+18
1.07125E+01	1.36289E+18
1.08544E+01	1.98631E+18
1.09962E+01	1.73815E+18
1.11381E+01	8.64556E+17
1.12800E+01	1.48748E+18
1.14219E+01	2.35956E+18
1.15638E+01	1.23831E+18
1.17056E+01	1.23881E+18
1.18475E+01	2.98499E+18
1.19894E+01	2.23498E+18
1.21313E+01	2.73432E+18
1.22731E+01	2.23548E+18
1.24150E+01	1.86173E+18
1.25569E+01	2.23548E+18
1.26988E+01	1.73714E+18
1.28407E+01	2.60923E+18
1.29825E+01	2.61023E+18
1.31244E+01	2.73432E+18
1.32663E+01	2.60973E+18
1.34082E+01	3.23265E+18
1.35500E+01	2.98298E+18
1.36919E+01	2.61073E+18
1.38338E+01	2.85840E+18
1.39757E+01	2.48465E+18
1.41175E+01	3.23215E+18
1.42594E+01	3.23265E+18
1.44013E+01	3.48182E+18
1.45432E+01	3.73099E+18
1.46851E+01	3.23165E+18
1.48269E+01	3.60540E+18
1.49688E+01	4.97783E+18
1.51107E+01	4.10374E+18
1.52526E+01	3.85557E+18
1.53944E+01	3.85657E+18
1.55363E+01	4.72816E+18
1.56782E+01	4.23033E+18
1.58201E+01	5.47567E+18
1.59620E+01	5.22750E+18
1.61038E+01	5.10241E+18
1.62457E+01	5.97600E+18
1.63876E+01	5.72483E+18
1.65295E+01	5.22800E+18
1.66713E+01	6.22617E+18
1.68132E+01	6.72351E+18
1.69551E+01	7.71918E+18
1.70970E+01	6.47384E+18
1.72389E+01	7.84576E+18
1.73807E+01	7.34693E+18
1.75226E+01	7.34743E+18
1.76645E+01	8.84494E+18
1.78064E+01	7.59760E+18
1.79482E+01	8.09643E+18
1.80901E+01	7.47552E+18
1.82320E+01	7.84676E+18
1.83739E+01	9.09561E+18
1.85157E+01	9.21719E+18
1.86576E+01	7.97085E+18
1.87995E+01	8.22152E+18
1.89414E+01	1.12160E+19
1.90833E+01	1.04665E+19
1.92251E+01	9.33977E+18
1.93670E+01	1.12145E+19
1.95089E+01	1.05881E+19
1.96508E+01	1.04665E+19
1.97926E+01	1.13396E+19
1.99345E+01	9.46986E+18
2.00764E+01	1.00893E+19
2.02183E+01	1.27105E+19
2.03602E+01	1.22132E+19
2.05020E+01	1.15893E+19
2.06439E+01	1.33375E+19
2.07858E+01	1.45873E+19
2.09277E+01	1.32114E+19
2.10695E+01	1.47104E+19
2.12114E+01	1.29607E+19
2.13533E+01	1.58317E+19
2.14952E+01	1.49596E+19
2.16370E+01	1.70830E+19
2.17789E+01	1.49596E+19
2.19208E+01	1.49571E+19
2.20627E+01	1.75808E+19
2.22046E+01	1.93270E+19
2.23464E+01	1.82002E+19
2.24883E+01	1.73337E+19
2.26302E+01	1.87046E+19
2.27721E+01	1.95737E+19
2.29139E+01	1.99549E+19
2.30558E+01	1.97023E+19
2.31977E+01	1.89583E+19
2.33396E+01	2.26943E+19
2.34815E+01	1.80797E+19
2.36233E+01	2.26983E+19
2.37652E+01	2.38220E+19
2.39071E+01	2.10767E+19
2.40490E+01	2.32011E+19
2.41908E+01	2.65784E+19
2.43327E+01	2.34508E+19
2.44746E+01	2.58214E+19
2.46165E+01	2.75696E+19
2.47584E+01	2.98216E+19
2.49002E+01	2.76977E+19
2.50421E+01	2.53251E+19
2.51840E+01	2.61971E+19
2.53259E+01	2.89495E+19
2.54677E+01	2.95704E+19
2.56096E+01	3.29402E+19
2.57515E+01	3.08203E+19
2.58934E+01	3.04475E+19
2.60352E+01	3.26940E+19
2.61771E+01	3.23178E+19
2.63190E+01	2.96955E+19
2.64609E+01	3.04475E+19
2.66028E+01	3.24449E+19
2.67446E+01	3.51952E+19
2.68865E+01	3.91934E+19
2.70284E+01	3.41920E+19
2.71703E+01	3.30713E+19
2.73121E+01	3.55680E+19
2.74540E+01	4.25687E+19
2.75959E+01	4.24456E+19
2.77378E+01	4.23155E+19
2.78797E+01	3.35661E+19
2.80215E+01	4.44475E+19
2.81634E+01	3.88212E+19
2.83053E+01	4.23190E+19
2.84472E+01	4.21944E+19
2.85890E+01	4.30665E+19
2.87309E+01	4.60666E+19
2.88728E+01	4.30710E+19
2.90147E+01	4.81960E+19
2.91565E+01	4.99442E+19
2.92984E+01	4.89430E+19
2.94403E+01	5.43181E+19
2.95822E+01	4.69417E+19
2.97241E+01	5.33215E+19
2.98659E+01	5.75758E+19
3.00078E+01	6.09466E+19
3.01497E+01	5.95702E+19
3.02916E+01	6.63213E+19
3.04334E+01	7.15783E+19
3.05753E+01	7.75809E+19
3.07172E+01	7.74548E+19
3.08591E+01	8.84592E+19
3.10010E+01	9.68419E+19
3.11428E+01	1.03846E+20
3.12847E+01	1.25985E+20
3.14266E+01	1.44497E+20
3.15685E+01	1.86276E+20
3.17103E+01	2.25928E+20
3.18522E+01	2.93098E+20
3.19941E+01	3.51638E+20
3.21360E+01	4.31443E+20
3.22778E+01	5.33513E+20
3.24197E+01	6.47342E+20
3.25616E+01	7.57043E+20
3.27035E+01	8.80004E+20
3.28454E+01	9.88330E+20
3.29872E+01	1.01610E+21
3.31291E+01	1.04550E+21
3.32710E+01	1.11867E+21
3.34129E+01	1.22800E+21
3.35547E+01	1.34733E+21
3.36966E+01	1.36973E+21
3.38385E+01	1.32182E+21
3.39804E+01	1.23838E+21
3.41223E+01	1.16458E+21
3.42641E+01	1.07877E+21
3.44060E+01	9.78448E+20
3.45479E+01	8.58239E+20
3.46898E+01	7.50289E+20
3.48316E+01	6.59100E+20
3.49735E+01	5.52151E+20
3.51154E+01	4.83104E+20
3.52573E+01	3.81534E+20
3.53992E+01	3.25621E+20
3.55410E+01	2.60701E+20
3.56829E+01	2.12418E+20
3.58248E+01	1.76144E+20
3.59667E+01	1.42621E+20
3.61085E+01	1.12602E+20
3.62504E+01	9.37133E+19
3.63923E+01	7.89568E+19
3.65342E+01	6.04468E+19
3.66760E+01	5.31959E+19
3.68179E+01	4.20704E+19
3.69598E+01	3.03229E+19
3.71017E+01	2.89435E+19
3.72436E+01	2.39486E+19
3.73854E+01	2.40767E+19
3.75273E+01	1.72071E+19
3.76692E+01	1.38378E+19
3.78111E+01	1.32104E+19
3.79529E+01	1.25860E+19
3.80948E+01	1.18400E+19
3.82367E+01	7.59459E+18
3.83786E+01	8.09493E+18
3.85205E+01	7.84676E+18
3.86623E+01	7.72368E+18
3.88042E+01	7.22384E+18
3.89461E+01	5.22700E+18
3.90880E+01	6.97468E+18
3.92298E+01	5.47617E+18
3.93717E+01	4.22983E+18
3.95136E+01	4.85224E+18
3.96555E+01	5.35308E+18
3.97973E+01	3.97966E+18
3.99392E+01	4.10474E+18
4.00811E+01	3.73199E+18
4.02230E+01	4.35391E+18
4.03649E+01	3.10757E+18
4.05067E+01	2.60923E+18
4.06486E+01	3.97966E+18
4.07905E+01	3.10757E+18
4.09324E+01	3.85607E+18
4.10742E+01	4.22983E+18
4.12161E+01	2.23498E+18
4.13580E+01	3.98066E+18
4.14999E+01	3.85457E+18
4.16418E+01	2.35956E+18
4.17836E+01	3.85607E+18
4.19255E+01	2.23598E+18
4.20674E+01	2.11040E+18
4.22093E+01	2.85840E+18
4.23511E+01	1.86123E+18
4.24930E+01	2.98248E+18
4.26349E+01	1.98581E+18
4.27768E+01	2.11090E+18
4.29186E+01	1.73664E+18
4.30605E+01	1.73664E+18
4.32024E+01	8.64556E+17
4.33443E+01	2.48515E+18
4.34862E+01	1.48798E+18
4.36280E+01	2.23598E+18
4.37699E+01	1.36339E+18
4.39118E+01	4.90804E+17
4.40537E+01	2.48415E+18
4.41955E+01	1.86223E+18
4.43374E+01	2.48515E+18
4.44793E+01	1.23831E+18
4.46212E+01	2.48415E+18
4.47631E+01	2.85840E+18
4.49049E+01	1.11422E+18
4.50468E+01	1.48748E+18
4.51887E+01	9.89140E+17
4.53306E+01	1.48798E+18
4.54724E+01	1.23881E+18
4.56143E+01	1.61256E+18
4.57562E+01	7.39972E+17
4.58981E+01	1.61306E+18
4.60399E+01	1.23831E+18
4.61818E+01	1.61306E+18
4.63237E+01	1.86223E+18
4.64656E+01	1.48798E+18
4.66075E+01	7.39972E+17
4.67493E+01	1.11472E+18
4.68912E+01	9.89140E+17
4.70331E+01	1.11422E+18
4.72444E+01	1.36289E+18
